4.513936897046432750e-01 8.110323879257244073e-01 -6.920577481268638254e-01 4.420779640399472576e-01 -3.481002424444267218e-01 1.970423539000620283e-01 6.733407163051837729e-01 -6.014564947350981017e-01 8.540284027629993502e-02 9.204153522223454953e-01
3.967586008537516973e-01 2.908936522314342632e-01 2.396293077424462362e-02 -5.885587800976778139e-01 3.556486014506793913e-01 -7.178460731154004959e-01 -2.434518263400055893e-01 3.814547374762675136e-01 -2.734090623413766297e-01 7.980847905554354638e-01
-1.918472975142656300e-01 3.087897410910757645e-01 3.814528058360358020e-01 1.551397999778650894e-01 5.348039691496364600e-01 4.532893817612348442e-01 -9.785602184193792352e-02 -3.995767910686214286e-01 6.388156751391501631e-01 -3.907907875489537858e-02
-1.903376254203507645e-01 -5.671769853406021245e-01 5.934078417770271424e-02 -4.586348394974284481e-01 2.914073453182108864e-01 6.222995660613693802e-01 -4.011807284230967802e-03 1.933266578496105892e-01 1.676986611147053829e-01 -7.386667176894416986e-01
4.373334422473103000e-01 -1.147162370750475779e-01 -1.001412224210059820e-01 -7.248911698793422675e-02 -3.107191576740956362e-01 2.680230421264291965e-02 -3.760716138499028971e-01 1.288755980162328285e-01 -1.402818435672985586e-01 9.861471187955329898e-02
2.854124840551421904e-01 -3.284547694090927950e-01 2.074671722417511244e-01 -2.888690709650195698e-01 2.334157234636227429e-01 -4.311960317757229655e-01 2.391723101861537304e-01 -3.704116661973275160e-01 -8.910559024128966721e-01 5.212387313796010835e-01
5.567317323446921984e-01 -3.807834633352153997e-01 -4.218133850638159932e-01 1.923203101306067420e-02 -7.967960450225431979e-01 -1.233485152866387741e-01 3.256676550759358690e-01 4.236784154609128938e-01 5.390317054236424751e-03 -5.189895773942050372e-01
-7.365316293684176507e-02 -5.145947799306352377e-02 -2.520783698973848644e-02 -7.597601075195086970e-03 -8.931939587102966094e-01 -6.838637209339551992e-01 -3.394896911966505670e-01 -4.107128220191368362e-01 -2.854239225458017337e-01 -7.677211153857113612e-02
1.825917201015917757e-01 8.669271674841773079e-01 2.929623491029211824e-01 3.698409281170484397e-01 2.376781058899212484e-01 2.373613020237528848e-01 -3.389573751647801947e-01 -1.817189706060991228e-01 -1.274746387118617652e-01 -3.302091104579944481e-01
8.214575463475526362e-02 -3.248414115618576958e-01 -4.196368951701561212e-01 -1.947147741792121800e-01 -2.236543262981322833e-01 -7.722985276945458777e-01 -3.498954538749785570e-01 6.181801128931064815e-01 -9.404568741986623071e-01 -2.781554793832053396e-01
-4.436115588164432078e-01 2.557083691835357331e-01 -8.316943216161148955e-02 -5.175968777063711529e-02 2.811315726420992589e-01 1.897682593403659801e-01 -2.267496048219994620e-01 2.991991589964678178e-01 -1.022808870470116177e-01 -6.374564870262012795e-01
-1.085252893721932593e-01 4.356700932971151463e-01 4.153725144477299902e-01 -1.851862178782364907e-03 6.616541871860633917e-01 2.456390670815080668e-01 3.138825837053438317e-02 -3.506846557489394778e-01 1.496050935323689143e-02 -4.674873534792507446e-01
-2.811934096407222028e-01 -1.341537093383315116e-01 5.390860214093167180e-01 3.642492526891037974e-01 2.404402897420703511e-01 -6.454791868016015455e-01 4.103245849409765666e-01 -8.431466386021360671e-02 9.749333809661323014e-03 -9.080716888070360371e-01
4.616745943963672660e-01 9.146369539687321248e-02 -7.245298027096778656e-03 -1.668630290366693025e-01 4.795274785817840724e-01 -1.496767259140765159e-02 3.315852086748962146e-01 1.376698259079854603e-01 -6.790346070391544142e-01 -6.496178627035932573e-02
-1.806741120370718989e-01 1.320853883941423002e-01 2.642876287582939798e-01 -4.841177983455549061e-01 -1.000482400570948532e-01 6.119557268578272868e-01 -3.663249026460420332e-02 5.678590204938381847e-01 -1.703992885502555177e-01 -6.808608566067227974e-01
5.390655691692792795e-01 -8.889241248027178466e-02 1.948661929665690754e-02 -8.462554325036759639e-01 1.486065739952676101e-01 3.273366104966113910e-01 -3.690182760440943177e-01 7.900686960098329825e-02 3.164820441731047151e-01 -5.779066246707820209e-01
2.181643349443695146e-01 -4.947214723097096978e-01 -2.977924080589584507e-02 1.677880331486147208e-03 4.501752256302226085e-01 3.883069524619459645e-01 7.009652983273904903e-02 6.280730116577177835e-01 -1.118926366880000911e-01 -2.179882372081095587e-01
4.205263573589106407e-01 5.298981278944153717e-01 5.049735677275681844e-01 -3.569875023133927683e-01 -2.603843847353627394e-01 -3.601500942957743812e-01 1.405845394110300239e-01 2.787919460428179841e-01 4.255427295006981581e-01 3.428277086651745353e-01
-3.931177055287239652e-02 2.663592325816437900e-01 -2.719521974077884763e-01 6.591149857581868332e-01 -6.815607685623190637e-01 4.319014178140760662e-02 -1.511090596175250766e-01 1.001095367609646652e-01 -3.020470670143819980e-01 1.595408414250427953e-01
-4.270680882566834091e-01 3.415738910090003987e-03 7.342804222378035428e-02 -1.662862629559556590e-02 4.016481529644003179e-01 -3.461024564877889231e-01 -3.947409990102861976e-01 -8.459762147977769597e-01 -4.451989529999068052e-01 -1.984061872272652460e-01
5.966846142920616547e-01 -3.157564753336888907e-02 -7.017399919672875352e-01 1.691156735884105922e-01 -3.239762137392170338e-01 -8.870044397904484068e-01 4.658360495888435593e-01 6.360608855677051254e-01 2.529446149235973773e-01 1.119476083623467122e-01
-1.217401497151839596e-01 2.650233091532262497e-01 6.417264709939045630e-01 3.827258203565092609e-01 2.003267358059587500e-01 2.455588890972378313e-01 -3.425539006863519420e-01 -1.922972191531525932e-02 -3.000131885637178503e-02 -5.356857055421010427e-01
-6.722733300648721030e-03 -2.751865411369914804e-01 1.453078284992018465e-01 -6.814032822070345552e-02 5.690707091763234082e-01 3.449823619161054289e-01 -2.258615923992079999e-01 1.035868596626903781e-01 7.252586832109028658e-02 4.639908344986150290e-02
4.257809883808374996e-01 7.224151688870453225e-02 -5.606327768892448438e-01 -4.202055100588228953e-01 -9.245845662975304968e-02 -2.486638174404215418e-01 3.311063643860165939e-01 -2.428819473404397189e-01 2.601463704225741025e-01 -5.227190853836501949e-01
1.274954974179247913e-01 -3.259689122979344544e-01 2.306125100170325348e-01 9.368256694945424623e-02 6.907360227676910547e-02 -5.380596509355670687e-01 -5.709063527341053101e-02 4.426604833175075138e-01 -3.405238081474920575e-01 -3.404419360659773353e-01
-3.806891406250010323e-01 9.893984679174190611e-02 -2.032652072914575281e-01 -2.487106585902979505e-01 8.523741983361170504e-01 -4.586727190298566792e-01 -2.188134103821511578e-01 4.616529693964210312e-01 -7.496850586975734032e-01 1.715118674067551974e-01
4.621237688047592079e-02 -7.177837493019539883e-01 -4.070432098854410707e-01 -1.441912558141978384e-01 4.707039331575659791e-01 9.154462790433756658e-02 4.028090636289051729e-01 -3.620926114399828505e-02 4.900555659878477188e-01 -1.227404430891923873e-02
